0.0	0.0	0.0	0.000125	0.0	0.0	0.0	0.0	0.0	0.0	0.0
5e-05	0.0	0.0	0.000125	2.4772544052576683e-06	6.82387106349762e-06	-3.9422610379068486e-05	-5.829294673052672e-18	-8.98237240414851e-16	-4.2251278139050976e-13	-1.424341658931958e-16
0.0001	0.0	0.0	0.000125	1.3127107968976907e-05	8.616455636168713e-06	-0.00010804228687398592	-2.0545163390474516e-15	-2.9571242399740617e-15	-8.18751882038127e-13	-2.74536296340966e-16
0.00015000000000000001	0.0	0.0	0.000125	1.4077852497456851e-05	-2.0693943763139646e-07	-0.0002128739266996373	-3.1728162042700915e-15	-4.399640329580877e-15	-1.1609881095041881e-12	-3.919460684120218e-16
0.0002	0.0	0.0	0.000125	1.5649540274058763e-05	2.8881229668570906e-06	-0.0003501753912085537	-1.2158247978188894e-15	-9.079998214252149e-15	-1.4724549608655156e-12	-4.970260202763805e-16
0.00025	0.0	0.0	0.000125	1.1572184496316313e-05	-3.423512676567568e-06	-0.0005102929088101593	-2.604341269879152e-15	-1.1126347078140355e-14	-1.7572927579327187e-12	-5.949499210956145e-16
0.00030000000000000003	0.0	0.0	0.000125	7.372116482140315e-06	-5.394749367347717e-06	-0.0006867203296576407	2.310034996372663e-15	-7.295060102732779e-15	-2.020335512406434e-12	-6.858552327786723e-16
0.00035000000000000005	0.0	0.0	0.000125	1.4145961990791159e-05	-8.694277267182431e-06	-0.0008983259612560875	8.376172755655946e-15	-7.385556513476508e-15	-2.291051010087484e-12	-7.768777771180421e-16
0.0004000000000000001	0.0	0.0	0.000125	1.698674031358479e-05	-1.003283350120688e-05	-0.0011141866842064578	-2.4568583339399253e-15	-8.758727751955132e-15	-2.5081495077001776e-12	-8.52337252465981e-16
0.0004500000000000001	0.0	0.0	0.000125	1.995267580847057e-05	-9.030527029600357e-06	-0.0013596406575822713	-1.752370255428649e-16	-9.099908290754906e-15	-2.7055966479712206e-12	-9.220629329561173e-16
0.0005000000000000001	0.0	0.0	0.000125	2.097125646321561e-05	-6.263461418238923e-06	-0.0016218703589995903	9.601515615692065e-15	-8.93823859909747e-15	-2.885403718492956e-12	-9.883906418338485e-16
0.0005500000000000001	0.0	0.0	0.000125	2.8360454255648436e-05	-9.270827683345426e-06	-0.0018958438029586327	8.368296383303816e-15	1.0732554170936996e-15	-3.058718161165307e-12	-1.0530662354334454e-15
0.0006000000000000002	0.0	0.0	0.000125	2.6054379981299404e-05	-1.309620105525865e-05	-0.002184422329146731	6.105941167111218e-15	4.1977037406772344e-15	-3.1966886445794812e-12	-1.1053904133123194e-15
0.0006500000000000002	0.0	0.0	0.000125	2.4774410055619062e-05	-1.9219354257363943e-05	-0.0024914779783101245	-5.083506510999758e-15	9.109114357674262e-15	-3.321996076724304e-12	-1.1557572815650454e-15
0.0007000000000000002	0.0	0.0	0.000125	2.7494329409898127e-05	-1.8551392901206083e-05	-0.0028051495754821466	-2.7838861915102248e-15	8.946144210096478e-15	-3.4279755543790246e-12	-1.1995051511450207e-15
0.0007500000000000002	0.0	0.0	0.000125	2.3399621138032143e-05	-1.9318531010551137e-05	-0.0031224041236047506	-5.772578136843453e-15	2.2053855580044116e-15	-3.5364244594396387e-12	-1.2397988212159251e-15
0.0008000000000000003	0.0	0.0	0.000125	2.66270801191375e-05	-1.4166268255598707e-05	-0.0034499951117026276	-1.0535056208401188e-15	2.8546751410117955e-15	-3.644577341398666e-12	-1.2813098890693188e-15
0.0008500000000000003	0.0	0.0	0.000125	2.7430164060222564e-05	-1.0301741461945985e-05	-0.0037816269069645145	-9.549058357873995e-15	4.983963294286947e-15	-3.726946998313538e-12	-1.319248017685314e-15
0.0009000000000000003	0.0	0.0	0.000125	3.071628514966373e-05	-9.739110690579066e-06	-0.004119473399992694	-6.193775650044337e-15	1.956442512687641e-14	-3.836001436272615e-12	-1.3567449434122736e-15
0.0009500000000000003	0.0	0.0	0.000125	2.7392551242159695e-05	1.1287979109669672e-07	-0.004464616763906281	-3.691755379873625e-15	2.0027316247772048e-14	-3.9177841721500484e-12	-1.3888920714556397e-15
0.0010000000000000002	0.0	0.0	0.000125	2.3480256377144993e-05	4.301058988713132e-07	-0.004828502266180956	-2.6329291279575327e-16	2.2032023067966013e-14	-4.024068880847101e-12	-1.4273689960436771e-15
0.0010500000000000002	0.0	0.0	0.000125	2.799212687410653e-05	-1.2503524825187583e-06	-0.00520128396670922	-1.491329095738055e-15	5.093624409603578e-15	-4.092772860557952e-12	-1.4567762046347604e-15
0.0011	0.0	0.0	0.000125	3.234715358600341e-05	6.934386710589288e-06	-0.005576994340771022	1.3406953512215632e-14	3.30549755928316e-15	-4.141393937538351e-12	-1.4743600985242759e-15
0.00115	0.0	0.0	0.000125	3.980088361307225e-05	1.0073755927376738e-05	-0.00595238053306867	3.4847755744062763e-15	5.106635789603816e-15	-4.210328719413493e-12	-1.500329061325238e-15
0.0012	0.0	0.0	0.000125	3.6502367742669694e-05	1.1973170810816789e-05	-0.006334740104978965	-9.526019682735031e-15	-9.717752216788809e-15	-4.246832805998318e-12	-1.5172113631028274e-15
0.0012499999999999998	0.0	0.0	0.000125	3.458563500081972e-05	1.2160379398374165e-05	-0.006712359692762133	5.498117684210425e-15	-1.1272665890870849e-14	-4.318995159916766e-12	-1.5415651868816143e-15
0.0012999999999999997	0.0	0.0	0.000125	4.199405394417534e-05	2.3681534471859093e-05	-0.00710721195263966	-6.775304938840676e-16	-3.10999390599202e-16	-4.3592040194565014e-12	-1.5622431747000792e-15
0.0013499999999999996	0.0	0.0	0.000125	4.1043584228367134e-05	2.978385301238738e-05	-0.00749936279583621	5.633957036382529e-15	-6.2629748868634054e-15	-4.3824491794544295e-12	-1.576528942065804e-15
0.0013999999999999996	0.0	0.0	0.000125	4.443075564977776e-05	3.089530967038035e-05	-0.007897664095240686	2.883460112028296e-15	-7.581149499374483e-15	-4.382844232188349e-12	-1.5819163459855615e-15
0.0014499999999999995	0.0	0.0	0.000125	4.3424908775741206e-05	3.0663362181746516e-05	-0.008297602621668277	7.674987981413852e-15	-2.230161109189929e-14	-4.408911475189442e-12	-1.590656169153572e-15
0.0014999999999999994	0.0	0.0	0.000125	4.3628227206193295e-05	2.2501060496372672e-05	-0.008692571696573037	6.082146704932885e-15	-2.744375624570178e-14	-4.4521480734023215e-12	-1.6060715453742496e-15
0.0015499999999999993	0.0	0.0	0.000125	4.569017233882584e-05	2.131653725963376e-05	-0.00908985943992198	1.0727862736138069e-14	-2.2023129918049206e-14	-4.486041470363982e-12	-1.620865750037494e-15
0.0015999999999999992	0.0	0.0	0.000125	5.0366745148742695e-05	1.8138834708403127e-05	-0.009500294631597104	1.5889087122427454e-14	-1.0097149304740516e-14	-4.520279904480605e-12	-1.6364382885953684e-15
0.0016499999999999991	0.0	0.0	0.000125	5.241986037420817e-05	2.0138606978999237e-05	-0.009907810170213636	6.360860910787743e-15	-1.2538975254671028e-14	-4.5267694154532385e-12	-1.646018523429841e-15
0.001699999999999999	0.0	0.0	0.000125	4.928853810526792e-05	1.740339897222303e-05	-0.010315401983272347	-2.36981499853041e-15	-8.19974840013056e-15	-4.573189406037624e-12	-1.6639392086750658e-15
0.001749999999999999	0.0	0.0	0.000125	4.871582196305049e-05	1.1499757990843135e-05	-0.010720054955168888	-1.494894085803186e-14	-1.5115181911912373e-14	-4.583962068426689e-12	-1.6707521547858185e-15
0.0017999999999999989	0.0	0.0	0.000125	4.469789663748411e-05	8.504361297117531e-06	-0.011133922619877817	-1.1646938066441045e-14	-3.2739630527559466e-15	-4.620321447851966e-12	-1.6838737972379112e-15
0.0018499999999999988	0.0	0.0	0.000125	4.395212742519013e-05	4.025658213559944e-06	-0.011542565631662777	-5.665793109728115e-15	7.210144876535538e-15	-4.656247589802009e-12	-1.7000744677029495e-15
0.0018999999999999987	0.0	0.0	0.000125	3.975846737746005e-05	4.88349409585952e-06	-0.011953746143027537	3.066078355269585e-15	9.863736859434665e-15	-4.6921411230086876e-12	-1.7109340643353638e-15
0.0019499999999999986	0.0	0.0	0.000125	4.017595421691913e-05	5.194732148032425e-06	-0.012372740075888542	1.8820909955132144e-14	1.5286994817537642e-14	-4.739748900510742e-12	-1.726959664006979e-15
0.0019999999999999987	0.0	0.0	0.000125	3.720332913053289e-05	1.0500913497299005e-05	-0.012793767481786254	9.796297269046863e-15	1.3996912131645579e-14	-4.754761709959077e-12	-1.732271792519141e-15
0.002049999999999999	0.0	0.0	0.000125	4.032197790608179e-05	1.1554836469364978e-05	-0.013212210324041011	2.1210277258115843e-14	1.2305430093213353e-14	-4.776670936354399e-12	-1.7448021388642198e-15
0.002099999999999999	0.0	0.0	0.000125	4.053704921800579e-05	5.3822162352162226e-06	-0.013633388370447714	1.1302408418279338e-14	6.942017736569556e-15	-4.7955124026344376e-12	-1.7501389921498129e-15
0.002149999999999999	0.0	0.0	0.000125	4.061683077588256e-05	2.4055386288592324e-06	-0.01405296856333219	2.3660939353634774e-14	9.668076133659919e-15	-4.8563444963142775e-12	-1.7701939877273982e-15
0.0021999999999999993	0.0	0.0	0.000125	4.6989507871440175e-05	-3.7340476226124767e-06	-0.014481128096072379	1.0765245115712325e-14	-6.314260238260835e-15	-4.880851426282736e-12	-1.7815202771862946e-15
0.0022499999999999994	0.0	0.0	0.000125	4.680388854628383e-05	-6.090008585150185e-06	-0.01490052173630912	-3.630309680258736e-15	5.638445630075875e-16	-4.883404561509806e-12	-1.785846260172339e-15
0.0022999999999999995	0.0	0.0	0.000125	4.549050437955863e-05	-1.5753458546568271e-06	-0.015323992581221213	-8.628318222733982e-15	-2.0445585749961615e-16	-4.874110146891138e-12	-1.7833810778176183e-15
0.0023499999999999997	0.0	0.0	0.000125	3.683146665380458e-05	9.89662319440676e-07	-0.015748765182277715	-1.5969553301054447e-14	1.0734861580887124e-14	-4.877170530144888e-12	-1.788555864271239e-15
0.0024	0.0	0.0	0.000125	4.27954973536581e-05	2.2653333826422622e-06	-0.01618327774682511	-2.341756080504409e-14	8.887503262140469e-15	-4.917609664786917e-12	-1.801525280227396e-15
0.00245	0.0	0.0	0.000125	4.625946353167197e-05	-1.2441154431029004e-06	-0.016618647536251783	-1.2136973345487288e-14	-1.718775121244784e-14	-4.953455643043532e-12	-1.8139862256447277e-15
0.0025	0.0	0.0	0.000125	5.0624264489699566e-05	-5.678524661822946e-07	-0.01705168535251872	-1.3688146681871925e-14	-5.00511563161515e-15	-4.962229043378793e-12	-1.8176052798539594e-15
0.00255	0.0	0.0	0.000125	5.271813681233159e-05	7.691855697266994e-06	-0.017490344010312485	-6.733705887204709e-15	1.2728085219758301e-14	-4.971135856271156e-12	-1.8216431084837036e-15
0.0026000000000000003	0.0	0.0	0.000125	5.427786557717864e-05	4.231407699352454e-06	-0.017934377381219245	1.4070592566210726e-15	2.382197798797797e-15	-4.987058047805758e-12	-1.8264307157702227e-15
0.0026500000000000004	0.0	0.0	0.000125	4.6889030331312065e-05	4.3066056196916995e-07	-0.018371206275970605	-8.293902334555417e-15	-8.79426422651243e-15	-4.9721877937452605e-12	-1.8200704298778255e-15
0.0027000000000000006	0.0	0.0	0.000125	5.178345201677518e-05	-1.0514244203301466e-07	-0.01880193262947589	2.0554891543389613e-15	-1.0550196171152019e-14	-4.945057147995335e-12	-1.811549692647795e-15
0.0027500000000000007	0.0	0.0	0.000125	5.293032812128784e-05	3.0717862714311667e-06	-0.01923261528208415	2.7641668560427348e-15	3.3624653088344285e-15	-4.958644586410333e-12	-1.822293673054153e-15
0.002800000000000001	0.0	0.0	0.000125	5.507316385551006e-05	6.596072159186796e-06	-0.019665372062392474	2.8348070529029755e-16	-3.152685506321279e-15	-4.9720728263157974e-12	-1.8281198128670975e-15
0.002850000000000001	0.0	0.0	0.000125	5.621667538780929e-05	2.5149896201616144e-06	-0.020106366487839346	-7.18099977100103e-15	-5.548685231181039e-15	-5.004693323121846e-12	-1.8410338538482054e-15
0.002900000000000001	0.0	0.0	0.000125	5.478235144211063e-05	-5.034431406670032e-06	-0.0205391676901025	-3.3449320655888812e-15	1.5819853059689574e-14	-4.97070830027428e-12	-1.8306248215665512e-15
0.0029500000000000012	0.0	0.0	0.000125	4.902961620124032e-05	-4.1032146949941135e-06	-0.02096727809363677	-2.261409874484014e-16	1.8299417231012166e-14	-4.936003216494978e-12	-1.8203475557477117e-15
0.0030000000000000014	0.0	0.0	0.000125	5.790834789272361e-05	2.488290680725862e-06	-0.021391954450315165	1.1702042315049985e-14	1.8532338600345502e-14	-4.898515966709936e-12	-1.8142844706457185e-15
0.0030500000000000015	0.0	0.0	0.000125	5.738564612180553e-05	4.110871801326736e-07	-0.021818546963576164	1.3799638003763759e-14	7.020009400678226e-15	-4.8914557457073355e-12	-1.8130482336366086e-15
0.0031000000000000016	0.0	0.0	0.000125	5.749376296915366e-05	-3.503596620782119e-06	-0.02224755949333612	5.872717928584395e-15	2.032173641355513e-15	-4.904923595752565e-12	-1.8145975798763594e-15
0.0031500000000000018	0.0	0.0	0.000125	6.188283083300254e-05	-3.1695075935652105e-06	-0.022676254325734068	5.481778064455201e-15	4.986880149955161e-15	-4.907313308994573e-12	-1.8130654888660094e-15
0.003200000000000002	0.0	0.0	0.000125	5.456283635149538e-05	-6.344181939468199e-06	-0.023097770912686784	3.1095045129241383e-15	-9.404018470329386e-15	-4.915599146885962e-12	-1.815689839124101e-15
0.003250000000000002	0.0	0.0	0.000125	5.059391689484349e-05	-6.870278639317469e-06	-0.023520182809479637	-2.6957040194915808e-15	-8.710721481440527e-15	-4.904019698867066e-12	-1.814059443779327e-15
0.003300000000000002	0.0	0.0	0.000125	5.483434855971722e-05	-8.313544016082064e-06	-0.02394376003952524	-2.5751485005772067e-15	3.585709560069009e-15	-4.922642290230744e-12	-1.8181373760007502e-15
0.0033500000000000023	0.0	0.0	0.000125	5.5387545623395494e-05	-6.621964104467466e-06	-0.024370732514753093	-8.272707255801913e-15	2.3336386589629446e-15	-4.962059414525281e-12	-1.828930242686205e-15
0.0034000000000000024	0.0	0.0	0.000125	5.596842666461434e-05	-1.0559547709577335e-05	-0.024803958020464617	9.481587952335676e-15	6.811800204614407e-15	-4.9898490303799985e-12	-1.8389389929298413e-15
0.0034500000000000025	0.0	0.0	0.000125	5.570015684339906e-05	-9.236541210015898e-06	-0.02523623636801825	1.3356751694926255e-14	1.043097701790265e-15	-5.000691828595232e-12	-1.8428222311747853e-15
0.0035000000000000027	0.0	0.0	0.000125	6.117957153156768e-05	-9.130733186800798e-06	-0.025662160161172093	1.9952189871064105e-14	6.690354964627489e-15	-4.9899754187244665e-12	-1.8447558327284813e-15
0.003550000000000003	0.0	0.0	0.000125	6.874287502375108e-05	-1.0371231041201578e-05	-0.026090769946301735	1.1426688356248488e-14	5.063236539451068e-16	-5.00665429630375e-12	-1.8521143564860637e-15
0.003600000000000003	0.0	0.0	0.000125	6.954441438597764e-05	-7.680703545549297e-06	-0.026515646671748924	-2.397501381983655e-15	6.588847942341109e-15	-4.959084775819225e-12	-1.8400073207861896e-15
0.003650000000000003	0.0	0.0	0.000125	7.210213780134642e-05	-2.2111375864888283e-06	-0.026937522650781164	-2.9174720381088453e-15	-3.3540030569326997e-15	-4.9224088778391225e-12	-1.828834643420475e-15
0.003700000000000003	0.0	0.0	0.000125	7.185549268117508e-05	-5.697014364073714e-06	-0.0273604003580382	-7.990861316891123e-15	5.1570219995552954e-15	-4.924167581764531e-12	-1.8276967360520165e-15
0.0037500000000000033	0.0	0.0	0.000125	7.32076330740978e-05	-5.883653478995583e-06	-0.027784394321921375	-8.071136899307512e-15	1.5460369909245258e-14	-4.925733783504975e-12	-1.8218552106254954e-15
0.0038000000000000035	0.0	0.0	0.000125	7.714699968210101e-05	-7.321921899797797e-06	-0.02820435326146477	-1.5260181863609327e-14	1.2474611286514065e-16	-4.956777355829284e-12	-1.825862162633305e-15
0.0038500000000000036	0.0	0.0	0.000125	7.51013213226938e-05	-3.655172823212962e-06	-0.02862795134325421	8.784423037486809e-16	4.887294952046234e-15	-4.947471695719504e-12	-1.8240976547511868e-15
0.0039000000000000037	0.0	0.0	0.000125	7.501674105152504e-05	-4.052165233123817e-06	-0.02905435725865435	2.371448353159023e-16	1.3464831546637537e-14	-4.917442930270932e-12	-1.8179291467035208e-15
0.003950000000000004	0.0	0.0	0.000125	6.991905868683e-05	1.0739826876364036e-06	-0.029472820958639498	-7.604495418111128e-16	2.0802264774821402e-14	-4.882835402321059e-12	-1.8058510982227435e-15
0.0040000000000000036	0.0	0.0	0.000125	7.225701244536976e-05	3.260200307449012e-06	-0.029890139355048653	1.1222256786964535e-14	1.735682486309913e-14	-4.874508820287624e-12	-1.80107835279629e-15
0.004050000000000003	0.0	0.0	0.000125	7.410630176850288e-05	1.3355738581253094e-07	-0.030306092891764707	8.145946808544401e-15	3.0452542142621835e-15	-4.878646545460476e-12	-1.806055287874277e-15
0.004100000000000003	0.0	0.0	0.000125	7.250959972057781e-05	5.005068966702748e-06	-0.030717464715943978	1.1353611421261136e-15	7.754797236301472e-15	-4.893135438938125e-12	-1.8105020795958012e-15
0.004150000000000003	0.0	0.0	0.000125	7.658545785161761e-05	6.619357707205047e-06	-0.031127791500016423	1.5677696389160566e-14	2.6297554002137774e-15	-4.8818315193950865e-12	-1.8176858327740745e-15
0.004200000000000002	0.0	0.0	0.000125	7.35029577087497e-05	6.356417441070708e-06	-0.03153600793376949	1.2687360263073779e-14	-1.3224824104326866e-14	-4.842254313997161e-12	-1.8054243070509268e-15
0.004250000000000002	0.0	0.0	0.000125	7.315551254291229e-05	2.8792575357266343e-06	-0.03194897408946951	1.991508999179638e-14	-7.132626839616815e-15	-4.890376093592896e-12	-1.8193722508570558e-15
0.004300000000000002	0.0	0.0	0.000125	7.96710594090002e-05	3.745321696262923e-06	-0.032360662877191054	6.687465735944955e-15	-1.2513997542041136e-14	-4.892226006930207e-12	-1.8184183303085168e-15
0.0043500000000000014	0.0	0.0	0.000125	8.113562163348099e-05	6.924042177004021e-06	-0.03277241821475728	-5.507043500376381e-15	-4.70702498292028e-15	-4.898576549243676e-12	-1.8231679951281106e-15
0.004400000000000001	0.0	0.0	0.000125	8.090328025739132e-05	3.966416353188687e-06	-0.03317927602430664	-5.126699919991494e-15	-2.0461217883735154e-15	-4.869789669500073e-12	-1.816814754737716e-15
0.004450000000000001	0.0	0.0	0.000125	8.31940749647799e-05	-4.6228999393911566e-06	-0.03359344014754848	1.1268200337515443e-14	-6.777687973420476e-16	-4.894027509588862e-12	-1.819273993594322e-15
0.0045000000000000005	0.0	0.0	0.000125	8.446032318288894e-05	-5.781104457352025e-06	-0.034006459843573165	1.79212895903312e-14	1.2581495450834672e-15	-4.8753888612032405e-12	-1.8119910777627328e-15
0.00455	0.0	0.0	0.000125	7.517453515905047e-05	-7.420414943601114e-06	-0.03441864070079899	1.0674847150255032e-14	-4.57158757024659e-15	-4.9152294593262545e-12	-1.8223089022700202e-15
0.0046	0.0	0.0	0.000125	8.08846125232755e-05	-8.805262541731717e-06	-0.03484110308425718	-4.041501640324432e-15	1.7134489321134921e-15	-4.919434347763516e-12	-1.8191394387949253e-15
0.00465	0.0	0.0	0.000125	7.64298138350207e-05	-2.0585072262487325e-05	-0.035255126183296424	-1.4422483989746895e-14	-5.227938609936979e-15	-4.9224403772446014e-12	-1.8207168476819684e-15
0.004699999999999999	0.0	0.0	0.000125	7.596030380357366e-05	-2.150387580496309e-05	-0.03566784939659653	-4.518031857570412e-15	-8.719254459522344e-16	-4.933052333499545e-12	-1.8232844671698423e-15
0.004749999999999999	0.0	0.0	0.000125	6.940058634083799e-05	-1.9778326141470526e-05	-0.03608462322337428	-1.2272067261679266e-15	3.4235134245143418e-15	-4.926746644046111e-12	-1.8223273971798485e-15
0.004799999999999999	0.0	0.0	0.000125	7.22416874815619e-05	-2.355723977437001e-05	-0.036500630040585735	-5.528686297452133e-15	-3.48105314929892e-15	-4.902056231410509e-12	-1.817055481918884e-15
0.004849999999999998	0.0	0.0	0.000125	7.704768336350044e-05	-2.6297411731614185e-05	-0.03691055842476851	2.1390707783242505e-14	-8.782294295816332e-15	-4.877998960348495e-12	-1.8062346997009106e-15
0.004899999999999998	0.0	0.0	0.000125	7.996740619111734e-05	-2.665174500972561e-05	-0.03732211903315789	1.813033682334383e-14	-3.310785172777702e-15	-4.892971373601659e-12	-1.8117807614507565e-15
0.004949999999999998	0.0	0.0	0.000125	8.620022507612138e-05	-3.2300747882375454e-05	-0.03773936497208945	1.5492658836813923e-14	-8.506830739127683e-15	-4.876563359297407e-12	-1.8062566151901673e-15
0.0049999999999999975	0.0	0.0	0.000125	8.952199549259053e-05	-3.615695962158504e-05	-0.03814644943692367	-2.1114484850334764e-15	-1.096619172622494e-14	-4.887100511225171e-12	-1.808077657221127e-15
0.005049999999999997	0.0	0.0	0.000125	9.202641617277276e-05	-3.795104599727452e-05	-0.03855709213108094	1.6133761447981752e-15	-6.063086318867328e-15	-4.8800622052581825e-12	-1.805744791975042e-15
0.005099999999999997	0.0	0.0	0.000125	9.376125130225594e-05	-4.418367027735388e-05	-0.038961159290912914	2.7656182286650506e-15	1.899846561853881e-15	-4.85706404601942e-12	-1.7972959756621168e-15
0.005149999999999997	0.0	0.0	0.000125	9.621397514465793e-05	-4.4259988565819385e-05	-0.03935716512674625	2.8250915578623988e-15	6.511625133304227e-15	-4.815822134611038e-12	-1.7835058068990773e-15
0.005199999999999996	0.0	0.0	0.000125	0.00010004935946533845	-4.344861138510902e-05	-0.03976000296034896	-1.3479953739019031e-15	1.6232791744952232e-14	-4.817558239463399e-12	-1.7862671969264207e-15
0.005249999999999996	0.0	0.0	0.000125	0.00010126276843100448	-3.9161928299641746e-05	-0.04015893575392802	-3.1113456231554e-15	1.7174367326679065e-14	-4.829279445387034e-12	-1.7841001919358504e-15
0.005299999999999996	0.0	0.0	0.000125	0.0001035820783067691	-3.855223837984023e-05	-0.040557755528791525	7.585307721819253e-15	-1.3430975925326708e-15	-4.827129144085944e-12	-1.7865485245214005e-15
0.005349999999999995	0.0	0.0	0.000125	0.00011510786472357333	-3.8004645199522055e-05	-0.040962981922003185	1.2576678142528951e-14	6.724666470308588e-15	-4.814892151206283e-12	-1.7847323450768442e-15
0.005399999999999995	0.0	0.0	0.000125	0.00011218979259534609	-4.2205919338729296e-05	-0.041357670831885365	6.775482106886428e-15	5.97557099654243e-16	-4.825245473829726e-12	-1.790698106320813e-15
0.005449999999999995	0.0	0.0	0.000125	0.00010660822389440912	-4.254400774062919e-05	-0.041755221830869105	1.86785193305378e-14	-3.1419111119041323e-15	-4.8071373042350316e-12	-1.7867320572025397e-15
0.0054999999999999945	0.0	0.0	0.000125	0.00011323082936337351	-4.817648639861154e-05	-0.04214888993955591	8.596277304928865e-15	4.3902416338432197e-16	-4.80028156089412e-12	-1.7885203935197956e-15
0.005549999999999994	0.0	0.0	0.000125	0.00010736280900597273	-5.405206405662162e-05	-0.042547094984998944	-1.3072353470337909e-14	-3.571434822594483e-15	-4.788121202031378e-12	-1.789123530086622e-15
0.005599999999999994	0.0	0.0	0.000125	0.00011307533001438798	-5.079534408987813e-05	-0.04294152120758338	-1.317800914167781e-14	1.3786314210380666e-15	-4.77399257473259e-12	-1.787645101558077e-15
0.005649999999999994	0.0	0.0	0.000125	0.00011012362541603941	-4.7736811116384573e-05	-0.043338236941113495	-4.091958217823904e-15	8.720360738254574e-15	-4.779501067888747e-12	-1.783591069293781e-15
0.005699999999999993	0.0	0.0	0.000125	0.00010681998685190248	-4.31433191719055e-05	-0.043730597366847083	1.7443882733863853e-14	-2.1503202536542748e-16	-4.779239686302152e-12	-1.7834162447211913e-15
0.005749999999999993	0.0	0.0	0.000125	0.00010825627709427117	-3.7884461926776254e-05	-0.044121001273390845	1.0522757737707615e-14	1.2801128828795813e-14	-4.7857307663712675e-12	-1.7795992793350692e-15
0.005799999999999993	0.0	0.0	0.000125	0.00011055056868997231	-3.771136651079377e-05	-0.04451483090833019	2.1541842635102897e-15	-1.7085483785849469e-15	-4.793385536280117e-12	-1.782489022459069e-15
0.005849999999999992	0.0	0.0	0.000125	0.0001119036444301667	-4.0442406971217167e-05	-0.04491056902760217	6.819136443818068e-16	-6.8742305153231186e-15	-4.816826471410671e-12	-1.783939704618648e-15
0.005899999999999992	0.0	0.0	0.000125	0.00011165637475043314	-3.747793649837072e-05	-0.04531840776700826	-1.2462226163699829e-15	-2.275561763773605e-15	-4.848069931287538e-12	-1.7917706999346734e-15
0.005949999999999992	0.0	0.0	0.000125	0.00011843662650926549	-3.5485606437902164e-05	-0.04571528463452342	-1.0819360722359598e-14	-1.3262595409014882e-16	-4.846171872253062e-12	-1.7958138151890335e-15
0.0059999999999999915	0.0	0.0	0.000125	0.00011366597976100054	-3.516444735100752e-05	-0.04611657607363006	-1.1573092029803583e-14	-4.275993550514055e-15	-4.824510183774988e-12	-1.7881353583572464e-15
0.006049999999999991	0.0	0.0	0.000125	0.00011653024745613522	-3.91883524272886e-05	-0.046512215486757644	-8.765989482928343e-15	-3.2605382196480436e-15	-4.887221921602029e-12	-1.8086173926045894e-15
0.006099999999999991	0.0	0.0	0.000125	0.00011258983946281365	-3.619509923297908e-05	-0.046913709428954585	-4.737108602854061e-15	-2.864338249102902e-15	-4.914485090484522e-12	-1.813276696278275e-15
