0.0	0.0	0.0	-0.000125	0.0	0.0	0.0	0.0	0.0	0.0	0.0
5e-05	0.0	0.0	-0.000125	1.3268601016115933e-06	1.4735083795751364e-06	-3.311788748571157e-05	-2.6844454749795327e-15	-4.080828629824534e-16	-3.680798430428131e-13	-1.449274137800744e-16
0.0001	0.0	0.0	-0.000125	7.024300426244796e-07	5.330354160879115e-06	-9.645791977451614e-05	1.1933033837773027e-16	-5.489096730543682e-16	-7.034676519094442e-13	-2.762399604489958e-16
0.00015000000000000001	0.0	0.0	-0.000125	-3.389551010252289e-06	9.897287136517156e-06	-0.00018745753160620836	-2.1962131475392423e-16	2.496282410232317e-15	-1.0239615486561176e-12	-3.9845297789033474e-16
0.0002	0.0	0.0	-0.000125	-1.3463078407794835e-06	4.09347485316317e-06	-0.00030608466281221617	-9.03906429655658e-17	-3.102655113487303e-16	-1.2999191082700103e-12	-5.076211344765219e-16
0.00025	0.0	0.0	-0.000125	-7.539146414559543e-07	1.7892815572581437e-06	-0.0004460811805995766	-5.282835987921065e-15	9.184839589254456e-16	-1.5547900436747022e-12	-6.060793626989392e-16
0.00030000000000000003	0.0	0.0	-0.000125	1.5382781826001834e-06	1.9690952746031424e-06	-0.0006058122883580268	-3.749687894529923e-15	2.234315272194491e-15	-1.7774426562647288e-12	-6.943230043867274e-16
0.00035000000000000005	0.0	0.0	-0.000125	1.3770453811537165e-06	3.516720872497189e-06	-0.0007880134499901694	-2.049974566617987e-15	-8.302751377781183e-16	-2.0167393472924413e-12	-7.843834740116392e-16
0.0004000000000000001	0.0	0.0	-0.000125	7.851832006393898e-06	3.5100607609916355e-06	-0.0009801573328510063	-1.4195682721701848e-15	6.939973170122767e-15	-2.2187153833576607e-12	-8.624251731335271e-16
0.0004500000000000001	0.0	0.0	-0.000125	2.6509728834379843e-06	6.943834645680609e-06	-0.001197552088772337	-6.424658336130578e-17	4.704264381342782e-15	-2.4204576103552477e-12	-9.387744344153654e-16
0.0005000000000000001	0.0	0.0	-0.000125	2.9281640124066445e-06	9.01143506013431e-06	-0.0014273128265919074	3.3074275832811236e-15	-2.5572768143831453e-15	-2.586249378229438e-12	-1.003046812591256e-15
0.0005500000000000001	0.0	0.0	-0.000125	3.5899331100119188e-06	6.225187089135988e-06	-0.0016749274583443712	5.609085412404062e-16	-4.42861764679508e-15	-2.753924851210492e-12	-1.0665244026228367e-15
0.0006000000000000002	0.0	0.0	-0.000125	3.61196847436116e-06	2.5708440170988317e-07	-0.001935692684570173	-4.999326308965469e-15	-1.6709008216456262e-15	-2.928332337960516e-12	-1.1336948037784347e-15
0.0006500000000000002	0.0	0.0	-0.000125	4.633690131036845e-06	-3.3881310437093103e-06	-0.002209774267273746	-3.91823859005303e-15	2.6315048001378946e-15	-3.0737417040605678e-12	-1.187382356202902e-15
0.0007000000000000002	0.0	0.0	-0.000125	-1.864455079199139e-06	3.531363603705503e-06	-0.0024913750480227937	1.2043091479498888e-15	3.223537374061372e-15	-3.1881148321648008e-12	-1.2351599208546816e-15
0.0007500000000000002	0.0	0.0	-0.000125	-1.8738583609331412e-06	3.229066557679668e-06	-0.0027949995626797438	1.36102636896629e-15	8.947938296537206e-15	-3.308652715215852e-12	-1.2810684112977945e-15
0.0008000000000000003	0.0	0.0	-0.000125	7.314689614672565e-08	6.570868474181056e-06	-0.0031073968808539875	-2.867617502556454e-15	3.1772346746172263e-16	-3.4132202252540575e-12	-1.3223168477264882e-15
0.0008500000000000003	0.0	0.0	-0.000125	3.1555725210472353e-06	9.290571405490384e-06	-0.0034222665170393265	-7.070002521392474e-15	-5.0583199917583255e-17	-3.5572060598892662e-12	-1.3727212902294928e-15
0.0009000000000000003	0.0	0.0	-0.000125	2.821433309397951e-06	5.963124639446498e-06	-0.0037502249929005035	-1.0579632152608814e-14	2.7266232955025213e-15	-3.664773412086244e-12	-1.4124808517013058e-15
0.0009500000000000003	0.0	0.0	-0.000125	1.2687885150720456e-06	4.0348753632847e-06	-0.004087276713583792	-7.581219688574141e-15	6.699306245455782e-15	-3.755409278872447e-12	-1.4479155276395017e-15
0.0010000000000000002	0.0	0.0	-0.000125	-4.972252766516269e-06	9.342593715596736e-06	-0.004434623062724425	-1.1129190372593733e-14	1.0886688836305365e-15	-3.868866678803522e-12	-1.4862832927808938e-15
0.0010500000000000002	0.0	0.0	-0.000125	-9.248842651510504e-06	9.109304871862846e-06	-0.0047958739732550035	-8.875594132115926e-15	7.18092431757315e-15	-3.965993012041568e-12	-1.5240570511000301e-15
0.0011	0.0	0.0	-0.000125	-1.0136117617027546e-05	6.229964059056726e-06	-0.005161436682959996	-1.5464058857696125e-15	5.399650517762979e-15	-4.041403364258336e-12	-1.554977735863117e-15
0.00115	0.0	0.0	-0.000125	-4.22867430678064e-06	8.341548814706876e-06	-0.005528803505463291	-9.673800013447562e-15	1.4467259377577194e-15	-4.105356819066302e-12	-1.5831810790106314e-15
0.0012	0.0	0.0	-0.000125	-5.285937267186066e-06	1.48506364705053e-06	-0.005902609360787805	-1.4081916869310186e-14	-1.0149399298247466e-14	-4.194382541851872e-12	-1.6136032459873752e-15
0.0012499999999999998	0.0	0.0	-0.000125	-7.3590609845267015e-06	-6.287983530825764e-06	-0.006278925501017605	-2.5976804462787356e-15	-9.29796646435431e-15	-4.251027652617729e-12	-1.632598835722667e-15
0.0012999999999999997	0.0	0.0	-0.000125	-6.488230346500384e-07	-7.806735313418049e-06	-0.006663469283502832	-4.648541115884504e-15	-1.589743152770869e-14	-4.301268796444285e-12	-1.6542079034615655e-15
0.0013499999999999996	0.0	0.0	-0.000125	2.016619165604167e-06	-1.2607592077811009e-05	-0.007052341457383348	-7.751229304553695e-15	-8.769146340754742e-15	-4.377357443613822e-12	-1.6783219595507495e-15
0.0013999999999999996	0.0	0.0	-0.000125	1.6379076621097976e-06	-1.1323881237495277e-05	-0.007447042803923873	-3.783622799790704e-15	-8.772357359461319e-15	-4.442722003628412e-12	-1.7034089783336643e-15
0.0014499999999999995	0.0	0.0	-0.000125	3.1915693288914782e-06	-1.584860228914292e-05	-0.007847494065495467	-1.7462503910560762e-15	-9.761286645576921e-15	-4.493249473382562e-12	-1.7262881542150148e-15
0.0014999999999999994	0.0	0.0	-0.000125	-5.378028954910983e-06	-1.4430092085576612e-05	-0.008257424455879611	-9.32727597726228e-15	-1.123247247338411e-14	-4.5565555020862856e-12	-1.7473980107746219e-15
0.0015499999999999993	0.0	0.0	-0.000125	-6.320886856507579e-06	-9.4636458534272e-06	-0.00866880135695891	-8.657308059542475e-15	-1.5391385089664286e-14	-4.601293742541365e-12	-1.7633129989484503e-15
0.0015999999999999992	0.0	0.0	-0.000125	-3.7325908307793284e-06	-1.10536144763481e-05	-0.009080459645653778	-1.3953546032598762e-14	-1.8725788102040244e-14	-4.624214181719078e-12	-1.7792790868061146e-15
0.0016499999999999991	0.0	0.0	-0.000125	-4.337358128766095e-06	-1.824740363240589e-05	-0.009500153947712038	7.159756015097529e-15	-2.1905402154050354e-14	-4.7118100133153665e-12	-1.805935777145295e-15
0.001699999999999999	0.0	0.0	-0.000125	-3.5932709867651773e-06	-2.8515547173431728e-05	-0.009921510580221865	1.5162619935295603e-14	-1.6159823192389913e-14	-4.753141757396651e-12	-1.818349486705023e-15
0.001749999999999999	0.0	0.0	-0.000125	-1.092295927930928e-05	-2.9325855575336396e-05	-0.010348111780742053	1.1842647480994872e-14	-1.1800903787116067e-14	-4.80985560454141e-12	-1.8384454680188253e-15
0.0017999999999999989	0.0	0.0	-0.000125	-1.1678008552699294e-05	-2.7289934086555194e-05	-0.010780831264026985	6.930495017964303e-15	-1.860182605044497e-15	-4.891922617450577e-12	-1.866079585131927e-15
0.0018499999999999988	0.0	0.0	-0.000125	-8.471316279870436e-06	-3.193466849069701e-05	-0.011214449993699409	1.690301049798993e-14	-1.9246960298080207e-16	-4.906952062461081e-12	-1.8747571864841458e-15
0.0018999999999999987	0.0	0.0	-0.000125	-1.2030572739461526e-05	-3.0314322520477876e-05	-0.011654671326396911	1.6244564900950594e-14	5.4017854733563505e-15	-4.967390921367314e-12	-1.892663475030113e-15
0.0019499999999999986	0.0	0.0	-0.000125	-1.3061713432655357e-05	-3.464460213096583e-05	-0.012098609785064442	1.263186259485221e-14	-3.7726233264587114e-15	-5.008980097817382e-12	-1.9062737698835147e-15
0.0019999999999999987	0.0	0.0	-0.000125	-1.1939241185558745e-05	-3.714001117524882e-05	-0.012538078684802553	9.921762586706143e-15	1.1583710228721879e-15	-5.016260251142825e-12	-1.9127182922770363e-15
0.002049999999999999	0.0	0.0	-0.000125	-6.456990409531566e-06	-3.9563511906105315e-05	-0.012984250889206397	1.3162211758705532e-14	-1.5725025265020349e-15	-5.030995962152504e-12	-1.9201070601431247e-15
0.002099999999999999	0.0	0.0	-0.000125	-2.14443497015865e-06	-3.860956892185653e-05	-0.01342593923236834	1.8140524521107787e-14	4.826093775842108e-15	-5.046944670101547e-12	-1.9276057153179695e-15
0.002149999999999999	0.0	0.0	-0.000125	2.760443758083895e-06	-4.01326667948931e-05	-0.013880823333435781	2.3433196028603553e-14	-1.9349856681659224e-15	-5.072653013694941e-12	-1.9351250650397393e-15
0.0021999999999999993	0.0	0.0	-0.000125	-1.4559383837011069e-06	-4.468558544283617e-05	-0.014330563199500539	1.5244085305529782e-14	-2.370507959984241e-15	-5.115627427851589e-12	-1.9474245933840085e-15
0.0022499999999999994	0.0	0.0	-0.000125	-1.7627454479419503e-06	-4.353432062292165e-05	-0.014777965223458794	2.0421296400349298e-14	-4.921752713092644e-15	-5.104585675180179e-12	-1.944341536235335e-15
0.0022999999999999995	0.0	0.0	-0.000125	4.873725955497378e-06	-4.7504018672036313e-05	-0.015221855770674565	1.0068649062258343e-14	-9.367766900855996e-15	-5.1388347622593754e-12	-1.9614110148683694e-15
0.0023499999999999997	0.0	0.0	-0.000125	1.507857536773605e-05	-4.803207515896458e-05	-0.0156764718918772	8.947887491884192e-15	-1.3196957660484558e-15	-5.167507396569775e-12	-1.9687440183947743e-15
0.0024	0.0	0.0	-0.000125	1.543452424797801e-05	-4.673214717167888e-05	-0.01614009298978328	8.827456663852356e-15	7.93533648819476e-15	-5.2188605355312045e-12	-1.987433366685057e-15
0.00245	0.0	0.0	-0.000125	1.0699807423124238e-05	-4.171350105386366e-05	-0.01661089642561432	1.1707957039904908e-15	5.696645707576171e-16	-5.263709529835261e-12	-1.999063487747951e-15
0.0025	0.0	0.0	-0.000125	7.280097523156599e-06	-3.669949628247481e-05	-0.017075953839633746	-1.9068104481397882e-14	1.0344870494939997e-14	-5.287289917627123e-12	-2.0114303487918887e-15
0.00255	0.0	0.0	-0.000125	7.5348950304351035e-06	-3.3827266749125575e-05	-0.017542359017029056	-1.0748109305130595e-14	1.1602573851856708e-14	-5.28823845697414e-12	-2.010848215167993e-15
0.0026000000000000003	0.0	0.0	-0.000125	1.0816319237954832e-05	-3.197754340825147e-05	-0.018011261820594492	-4.018317958888724e-15	8.230855275512826e-15	-5.340817968238428e-12	-2.022808351264184e-15
0.0026500000000000004	0.0	0.0	-0.000125	7.867036615844713e-06	-3.6459166322183386e-05	-0.018484277474982203	-4.483940609676037e-15	1.5246776864930476e-15	-5.360016961902075e-12	-2.031546792382072e-15
0.0027000000000000006	0.0	0.0	-0.000125	4.891960651313105e-06	-3.780655126398702e-05	-0.01894813039841907	-1.8005226675885098e-14	3.4031405886167795e-15	-5.375363373806567e-12	-2.037647100199674e-15
0.0027500000000000007	0.0	0.0	-0.000125	3.242480962914968e-06	-3.345670250268281e-05	-0.019418296284988215	-1.1790792904407709e-14	-9.791009955404035e-16	-5.393530930318544e-12	-2.0416190939916472e-15
0.002800000000000001	0.0	0.0	-0.000125	7.456077489808678e-07	-2.3490215012440456e-05	-0.019891899898641166	-9.03689284581826e-15	5.0695584375825955e-15	-5.388315635606777e-12	-2.0455041979180066e-15
0.002850000000000001	0.0	0.0	-0.000125	-3.830883946384067e-06	-2.555178591172805e-05	-0.02035856754820681	-1.2738150999055907e-14	-1.129214420501367e-16	-5.379384685269421e-12	-2.0485853733812255e-15
0.002900000000000001	0.0	0.0	-0.000125	-5.522327906575997e-06	-2.2993789632717182e-05	-0.02083268612059873	-2.222557167217597e-15	-2.6716693685180526e-15	-5.411999506645999e-12	-2.0588532003398947e-15
0.0029500000000000012	0.0	0.0	-0.000125	-1.2388225991608464e-05	-2.7742149972246257e-05	-0.02130092536206026	1.8861774637386547e-15	-8.110534895533783e-15	-5.40368184177015e-12	-2.0581737176001473e-15
0.0030000000000000014	0.0	0.0	-0.000125	-7.96662387191778e-06	-2.5042391469852596e-05	-0.021772178491858175	1.609973100403467e-14	-4.443511262561463e-15	-5.444711148844419e-12	-2.069957074362145e-15
0.0030500000000000015	0.0	0.0	-0.000125	-5.679827894292102e-06	-2.027542196474997e-05	-0.02224902355953767	1.4299054334064033e-14	-2.1027752843320824e-16	-5.467621697952856e-12	-2.0804150617114307e-15
0.0031000000000000016	0.0	0.0	-0.000125	-4.999764376426011e-06	-2.4546356983675657e-05	-0.022731897680209764	3.5197283222609326e-15	5.048886601795881e-15	-5.482196933280599e-12	-2.0897039126881296e-15
0.0031500000000000018	0.0	0.0	-0.000125	-3.5304646353077043e-06	-2.556813272573039e-05	-0.02321447787169554	6.786944023072007e-15	8.003726907173594e-15	-5.5129233417277534e-12	-2.0989831812820112e-15
0.003200000000000002	0.0	0.0	-0.000125	-4.426325786378637e-06	-2.3615068261868058e-05	-0.023685695569521815	6.989384906560487e-15	1.5736964008896434e-14	-5.520275228539855e-12	-2.0979606096599747e-15
0.003250000000000002	0.0	0.0	-0.000125	-1.4218273785308818e-06	-2.5247255074994208e-05	-0.02416704586243727	4.033214423232193e-15	1.428115981847282e-14	-5.519393246238664e-12	-2.0974976139754266e-15
0.003300000000000002	0.0	0.0	-0.000125	-6.68983698214757e-08	-2.9115467433363522e-05	-0.024637727330294172	1.0479136226197952e-14	2.397993253333684e-14	-5.47856675935081e-12	-2.087475941278839e-15
0.0033500000000000023	0.0	0.0	-0.000125	-2.4582638175336657e-06	-2.708693802011697e-05	-0.025112178922086458	8.518560632447021e-15	1.546482964189021e-14	-5.490819405086512e-12	-2.0952008119842247e-15
0.0034000000000000024	0.0	0.0	-0.000125	-5.5737627317789395e-06	-2.3512002228994094e-05	-0.025585837841962902	5.304681905657628e-15	2.886287648119396e-14	-5.46966028368062e-12	-2.0899236314246205e-15
0.0034500000000000025	0.0	0.0	-0.000125	-8.459427927888893e-06	-2.670884356890901e-05	-0.02606028585474611	-3.0688224995497864e-15	9.185988227369656e-15	-5.472325218810387e-12	-2.0922199015929223e-15
0.0035000000000000027	0.0	0.0	-0.000125	-1.169902804694222e-05	-3.097016339409553e-05	-0.02653343405750198	-7.22395590684912e-15	-4.577559153631275e-15	-5.46095388234731e-12	-2.089620850002416e-15
0.003550000000000003	0.0	0.0	-0.000125	-1.6024650387876962e-05	-3.4521812294967174e-05	-0.027007719292729417	-1.426413498177931e-14	-9.583451472751093e-15	-5.4702350866218374e-12	-2.096392195720486e-15
0.003600000000000003	0.0	0.0	-0.000125	-2.3988596006881284e-05	-4.006469472626452e-05	-0.02748919510727862	-1.953693355644836e-14	-5.091641424932869e-15	-5.537130974922087e-12	-2.1135501208279073e-15
0.003650000000000003	0.0	0.0	-0.000125	-2.6939205407960695e-05	-3.6769826773566574e-05	-0.027961571353092487	-1.732816266074594e-14	7.833285080053993e-15	-5.5060278904208754e-12	-2.108452672599387e-15
0.003700000000000003	0.0	0.0	-0.000125	-2.8199544649801485e-05	-3.2803918394538144e-05	-0.028431364423450137	-2.956447243886425e-14	2.0227559628955073e-14	-5.481273839077072e-12	-2.0980312883582673e-15
0.0037500000000000033	0.0	0.0	-0.000125	-3.203312245772537e-05	-3.021699773090786e-05	-0.028904758658888065	-2.8372552450526577e-14	1.3521945352283316e-14	-5.516007957972183e-12	-2.111139913861269e-15
0.0038000000000000035	0.0	0.0	-0.000125	-3.627432706281042e-05	-3.034522635793348e-05	-0.02937785453760803	-2.4144236183012265e-14	4.46715680744058e-15	-5.476602729994598e-12	-2.0927882429530576e-15
0.0038500000000000036	0.0	0.0	-0.000125	-3.803273534623129e-05	-2.2726029918787864e-05	-0.029844705908634413	-2.0896098985519877e-14	1.771496545707826e-14	-5.491814622357125e-12	-2.100232346994306e-15
0.0039000000000000037	0.0	0.0	-0.000125	-4.293541452853389e-05	-1.3807037811950684e-05	-0.030318751735785677	-1.0619638872094885e-14	2.2091541998466982e-14	-5.516925707612485e-12	-2.104110404832205e-15
0.003950000000000004	0.0	0.0	-0.000125	-3.9816615377722744e-05	-1.2465787714734571e-05	-0.030792133292783908	-2.561938003911841e-15	2.8245975422180836e-14	-5.533683459424957e-12	-2.107632494665844e-15
0.0040000000000000036	0.0	0.0	-0.000125	-3.4361050307382655e-05	-2.0522444170644415e-05	-0.03127388453510183	1.1650948812744415e-15	1.5924986390551265e-14	-5.533940661421504e-12	-2.1061645831963183e-15
0.004050000000000003	0.0	0.0	-0.000125	-3.835359551779097e-05	-2.06781746835146e-05	-0.03175307969944557	-6.66212866592329e-16	1.282044879748546e-14	-5.549614411538373e-12	-2.1118493357769987e-15
0.004100000000000003	0.0	0.0	-0.000125	-4.084216591459872e-05	-2.3716037642596012e-05	-0.03222148371597761	-7.182990754207609e-15	1.2503318273763136e-14	-5.544376151330069e-12	-2.112061679853666e-15
0.004150000000000003	0.0	0.0	-0.000125	-4.04695304133319e-05	-2.2738068568220422e-05	-0.03269416029987873	-1.865844341301965e-14	1.8402537214280213e-14	-5.5534821485295846e-12	-2.117620856708901e-15
0.004200000000000002	0.0	0.0	-0.000125	-4.3968879951810456e-05	-2.3156286529986634e-05	-0.03316358059435963	-1.778379179471595e-14	2.8445426370654388e-15	-5.539666316821784e-12	-2.1181239896357284e-15
0.004250000000000002	0.0	0.0	-0.000125	-4.527354126483468e-05	-2.1398649618853045e-05	-0.03363483104675368	-1.990755948401906e-14	5.211650160479962e-15	-5.533661170160452e-12	-2.1174652725708785e-15
0.004300000000000002	0.0	0.0	-0.000125	-4.7495288168014345e-05	-2.263301719739099e-05	-0.03410739104413323	-1.4657222624346755e-14	9.192742338058602e-15	-5.5126640664792315e-12	-2.1116785288072746e-15
0.0043500000000000014	0.0	0.0	-0.000125	-5.325040218698958e-05	-1.945327390852967e-05	-0.03458167329242625	-1.0300644050351397e-14	1.2781288626213484e-14	-5.529618254790993e-12	-2.1180018409168597e-15
0.004400000000000001	0.0	0.0	-0.000125	-5.335745553464276e-05	-1.5881239515333093e-05	-0.035046141584214	-2.0769062484694272e-14	1.0458811577804475e-14	-5.536357250579178e-12	-2.11490748698289e-15
0.004450000000000001	0.0	0.0	-0.000125	-6.261510949246663e-05	-1.4717985719867531e-05	-0.035513575815399934	-8.109037487774632e-15	4.422439950989005e-15	-5.526020817539163e-12	-2.1142617899789376e-15
0.0045000000000000005	0.0	0.0	-0.000125	-6.285543630616758e-05	-1.0435454894477695e-05	-0.03597727484442065	-1.6810329700683138e-14	3.892158823906772e-15	-5.517435997704008e-12	-2.113130184883006e-15
0.00455	0.0	0.0	-0.000125	-6.520130026110011e-05	-1.5430585416892235e-05	-0.03644119027556039	-6.9412066871607914e-15	-8.050493687318004e-15	-5.5057714621326045e-12	-2.109392074463885e-15
0.0046	0.0	0.0	-0.000125	-6.693997805014896e-05	-1.1670970084948655e-05	-0.036911078987880534	-4.3795053318624975e-15	-1.111953644164678e-15	-5.5093899244000224e-12	-2.1116337657475704e-15
0.00465	0.0	0.0	-0.000125	-6.8268856362603e-05	-1.566675029924693e-05	-0.03737665816934833	-2.6599244492851252e-15	5.434688180746926e-15	-5.51225895738301e-12	-2.1130341253887723e-15
0.004699999999999999	0.0	0.0	-0.000125	-6.976201293311216e-05	-1.4621903349077409e-05	-0.037835797374989086	-5.556558121839259e-15	4.015969266435495e-15	-5.489470412802973e-12	-2.10228311862154e-15
0.004749999999999999	0.0	0.0	-0.000125	-7.571026565523307e-05	-1.653925526908107e-05	-0.038305129209654905	-8.350035557858726e-15	4.359501812341204e-15	-5.493807622871099e-12	-2.0988419949762612e-15
0.004799999999999999	0.0	0.0	-0.000125	-7.352547018946446e-05	-1.8767708764678026e-05	-0.038777994896079554	-4.599944666267504e-15	-1.129111885220673e-14	-5.5023396968898554e-12	-2.099545465735914e-15
0.004849999999999998	0.0	0.0	-0.000125	-7.619134569650376e-05	-1.8513042818523897e-05	-0.03924663526899398	-4.881927981495757e-15	-1.4971034013767025e-14	-5.5060799416195726e-12	-2.1041563771709225e-15
0.004899999999999998	0.0	0.0	-0.000125	-7.72981580501824e-05	-2.290353635596526e-05	-0.03971340970261019	-1.3997573199829259e-14	-1.2528119997964339e-14	-5.507240887914263e-12	-2.1069319146325937e-15
0.004949999999999998	0.0	0.0	-0.000125	-8.022384686006326e-05	-2.7929939050351845e-05	-0.04017252346223845	-2.234024088549942e-14	-1.9534668966053935e-14	-5.514258518920527e-12	-2.1037901341991447e-15
0.0049999999999999975	0.0	0.0	-0.000125	-7.94025178491863e-05	-3.46582833176168e-05	-0.040635627986557156	-1.8450558911206618e-14	-2.344216854752843e-14	-5.532348667576625e-12	-2.1102411435237394e-15
0.005049999999999997	0.0	0.0	-0.000125	-7.665894301684228e-05	-3.70946857564102e-05	-0.04110653093350002	-2.2395762153810752e-14	-1.6379051760523478e-14	-5.5451123618847894e-12	-2.116706512879177e-15
0.005099999999999997	0.0	0.0	-0.000125	-8.061432451510825e-05	-3.543537031151001e-05	-0.04157918778520959	-2.2045399317620306e-14	1.8174126749297283e-15	-5.56737091968104e-12	-2.120852042324117e-15
0.005149999999999997	0.0	0.0	-0.000125	-8.254136425097714e-05	-3.276410359535444e-05	-0.04204918251478786	-1.289003439608936e-14	-2.3514973433612516e-15	-5.562708107176383e-12	-2.120438584265674e-15
0.005199999999999996	0.0	0.0	-0.000125	-8.316746430190431e-05	-4.0622086304566675e-05	-0.04251523735554313	-2.7199988020658108e-15	-1.513381114623874e-14	-5.590316172128976e-12	-2.130644562350487e-15
0.005249999999999996	0.0	0.0	-0.000125	-8.822808092675728e-05	-3.9237145594526944e-05	-0.04298025684824438	3.202049919396836e-15	-3.385203999579077e-15	-5.578286760275515e-12	-2.125044666990061e-15
0.005299999999999996	0.0	0.0	-0.000125	-8.545982962178362e-05	-3.9607614715131915e-05	-0.04344646264229587	9.58071856265361e-15	8.335360449384439e-15	-5.558691767947708e-12	-2.124462902361962e-15
0.005349999999999995	0.0	0.0	-0.000125	-8.673500495056835e-05	-3.844064537239875e-05	-0.043915949283269154	1.2037249331036153e-14	7.880691142892351e-15	-5.5525395531751984e-12	-2.1221672415152847e-15
0.005399999999999995	0.0	0.0	-0.000125	-8.743698797466475e-05	-3.598358854099363e-05	-0.04438323282490454	1.970881840931719e-14	5.24129333585832e-15	-5.575118439789231e-12	-2.1290811494800993e-15
0.005449999999999995	0.0	0.0	-0.000125	-8.697693451687838e-05	-2.2641683563802335e-05	-0.044852383455034055	2.370719375010325e-14	1.8134830379520438e-14	-5.5844787596073665e-12	-2.130987181752348e-15
0.0054999999999999945	0.0	0.0	-0.000125	-7.696207421487586e-05	-2.1514047342470213e-05	-0.045316398239464845	2.0093165046144467e-14	1.3251176954447197e-14	-5.572160884363622e-12	-2.1264929321489303e-15
0.005549999999999994	0.0	0.0	-0.000125	-6.938751079521016e-05	-2.4693691310985642e-05	-0.04578955161275859	6.6223518338855254e-15	9.350717092910595e-16	-5.617744559656255e-12	-2.138961225109847e-15
0.005599999999999994	0.0	0.0	-0.000125	-6.827429332984642e-05	-2.2996399174240687e-05	-0.04626393056235396	3.3176451485232665e-15	4.132279277835755e-16	-5.6550385256099416e-12	-2.150514158520444e-15
0.005649999999999994	0.0	0.0	-0.000125	-6.170305128509911e-05	-2.780375201290908e-05	-0.04672657865800572	4.661041323288765e-15	-3.5055819704580037e-15	-5.642768840801297e-12	-2.1513650533837946e-15
0.005699999999999993	0.0	0.0	-0.000125	-6.38869567117533e-05	-2.561171826146105e-05	-0.04719114752866577	4.307819550685715e-15	-6.320396919528636e-15	-5.627403399729521e-12	-2.1464623156770724e-15
0.005749999999999993	0.0	0.0	-0.000125	-6.641193049107712e-05	-3.203170621492048e-05	-0.04765066043085184	9.647829545122277e-16	-6.838319154138455e-15	-5.590932769701724e-12	-2.1413100673169244e-15
0.005799999999999993	0.0	0.0	-0.000125	-6.854307312908399e-05	-3.4812662953587865e-05	-0.04810605345334806	-1.2012375508370563e-14	7.981634399094768e-15	-5.577524651007367e-12	-2.132920211657056e-15
0.005849999999999992	0.0	0.0	-0.000125	-6.868094055379285e-05	-3.2798454553175854e-05	-0.04856978719904945	-1.0908356226569856e-14	-2.1241558106527707e-15	-5.5609488929764335e-12	-2.1266381913402594e-15
0.005899999999999992	0.0	0.0	-0.000125	-6.90067382366888e-05	-2.8452359670046758e-05	-0.04903265025507118	-3.3224409196646783e-16	-2.0496441841105325e-15	-5.558748361670599e-12	-2.1178011933263405e-15
0.005949999999999992	0.0	0.0	-0.000125	-7.434749059265115e-05	-2.807823689856334e-05	-0.04949502211009738	6.721183628521059e-17	-9.524822283274249e-15	-5.5792063612842e-12	-2.1256863218499395e-15
0.0059999999999999915	0.0	0.0	-0.000125	-7.65123940369736e-05	-2.186418632197218e-05	-0.049960207737644556	4.376737170519104e-15	-2.2143349303530008e-14	-5.548841098250022e-12	-2.1173587802623298e-15
0.006049999999999991	0.0	0.0	-0.000125	-7.99549460742185e-05	-2.7562644165103926e-05	-0.0504189863223264	6.844540647781945e-15	-1.9661323941855155e-14	-5.56658695500723e-12	-2.1256819112524594e-15
0.006099999999999991	0.0	0.0	-0.000125	-7.533659222537022e-05	-2.691470119369075e-05	-0.050880999184583386	1.1062094385161325e-14	-2.8030593383184356e-14	-5.555064783319048e-12	-2.116287503757126e-15
