# z	 mean	 std
# charge
-0.003224806746736638	nan	nan
-0.0027427480062450784	nan	nan
-0.0022773119809428835	nan	nan
-0.0018783668163981446	nan	nan
-0.0014794216518534062	nan	nan
-0.001030608341740575	nan	nan
-0.0005485496012490158	nan	nan


# E_z
-0.003224806746736638	nan	nan
-0.0027427480062450784	nan	nan
-0.0022773119809428835	nan	nan
-0.0018783668163981446	nan	nan
-0.0014794216518534062	nan	nan
-0.001030608341740575	nan	nan
-0.0005485496012490158	nan	nan


# F_T / F_g
-0.003224806746736638	nan	nan
-0.0027427480062450784	nan	nan
-0.0022773119809428835	nan	nan
-0.0018783668163981446	nan	nan
-0.0014794216518534062	nan	nan
-0.001030608341740575	nan	nan
-0.0005485496012490158	nan	nan
